     -219.721   -398.718     -2.946      
      -209.411   -395.120     -3.271         
     -198.894   -391.571     -3.395        
     -190.085   -388.223     -3.360        
      -179.917   -384.445     -3.331      
   -171.096   -381.480     -3.321       
     -183.681   -385.203     -3.531      
     -175.669   -382.360     -3.566     
     -192.555   -388.556     -3.537      
      -207.593   -393.894     -3.303         
     -218.327   -397.661     -3.336        
     -222.178   -399.056     -3.273         
     -225.024   -399.250     -3.354         
     -227.039   -397.660     -3.587      
     -228.696   -397.275     -3.346       
      -228.839   -398.540     -3.307       
     -226.572   -399.352     -3.379       
     -224.235   -399.999     -3.278    
0
